1703
126941
43476
962072496809
742178903383
52662272099276
857240598165084065
5004068702968702298
9258555365582546937
3956908148923858566
14893844928878051730
16663823399569522201
14084748640313990059
2334543992323536772
1621351802073739894
1763134924001751276
1688687346887038
3182038162990971165
303543
807213121481072014
6440668052960267010
10921438614105144699
6217197189552776547
9651846766643129025
13038724327483000609
16799419515721673505
1363630307169296508
228929193145824
16688850642728539779
7452576202
12850029700524362150
8439094094975386002
1197411006353029572
4444643847601837871
8906910010794398885
14503342496849340446
8368629497333111239
5164685390311311612
6285682954231975655
9318540998482869928
15523538227140644266
4031570478577014080
2766530391438581416
13385526911159
655697399329347500
155572985094993
15410906531140501161
10693476685807709613
1726836405139284823
212257347150
850827
3527152005992542515
1903244804293273
431250763849092305
13903164167207514765
5258700893178961778
5380603552819928204
7921386827328861999
3271226514024453594
3215691481365431681
6815530408215535664
14003662241225109592
17343277080833446052
1280133001365485836
1452102
11557844436195276477
107997604469
12625274492514218381
6254860233703092758
3795747500603332991
16397471721201540186
44
1112409042893104318
17527353695424336834
11933800659880928340
15528333455225766176
1753674711559
7447211461921115739
11367453772918138349
12204896775229064026
14949317442502171144
7724906135103779264
17947142364336011784
718403924328
9598048006525710511
66208385938
8024178291876981421
238416602
14012160473974193876
10722636128438344155
1685679614779960165
8488839603430248800
4553392912976877903
6234406313129832954
8704408982262530017
11412539986130155975
2551739879963033891
13689970906099216879
11136441136093643874
18178153375148670611
16857734356256187316
8147597877485
13700761526976743681
78
15248332259790517275
6736500294448656011
5
16799136126084664841
182138055063527
8556654555655745301
6622598555174290564
8224597545709571997
6506080762195874073
6919949326807678936
11997636643626413996
15906073522462509508
1318207473498640131
10982969600508269700
11804460536314857302
3066983863514470353
1557690270427104312
504313341279237432
10624561053483366286
9717223832471325642
14291176559446655391
2169406009127241987
8405465186673506289
8259384651605204395
7646539587206739258
13040080423519794628
9437923237753175476
11923316866853158325
10758360020581413707
193507980
2035704062385733042
5816492200014841229
12382786152302532899
12491114248732384109
4407521042221854021
1039674446649245
16635674401513611947
3613296687761649103
1083
5397784004751864819
14712774800237470243
11359021131059279795
14468030087920622058
17974748362423061065
8825637413774983499
270349178744847407
6624656051024956489
12826426532605733799
4644880177492792274
5090174200706015020
51641475790664679
6639922663608154314
10100758763763465797
9228853102659622623
11389376131453877760
15821513377579703389
14030326256
6317888400877101101
7030035653495075437
15349529842101467790
75001329053708
3204582917984047276
11104098827550330490
10873839687285256786
1124489
9796198828694886974
10908022581336255032
7060960543088346252
845151
3245886461544133450
13122266965424564112
11254639147144012284
14966998317540107298
10560650073847079059
14191401755593878294
3946954627501754718
7490007346036648772
599080889731135476
10105181969606176859
29453429513065
9814891429146480254
7737
3865196254917079693
3053174616563087653
2523916445252975771
6954981513561514655
17384199019080218194
15370607180115441099
11088034406738849259
5137911099625219877
3422
6113534
16875323467263
18443746564252710268
6872414750564
3614393191076993680
11688969344059110876
12544572685224274253
8010015265719986193
2638840790588004550
20343373731
1795878616688871800
10792351497816460318
9901548521916648093
6439510111568327165
6044723275551087133
16956179761421091926
18382861288550421183
1689
13570294703223407860
7053398279780730213
7442005
6221727582218902900
16618777249640336581
3580959481915593524
131718494175136603
606705895984756
6367889526432504337
15194837547502580294
6466688328480444792
18319743411641947136
6497438516902328552
6363718289166498306
109
1340216854155954279
8353466729137133268
8756401756069113111
55110
8572624284066796426
12831523359815481525
5477256574662514113
15358217005512037630
12477522728601861203
16320243914721496716
16038436072801997905
2915530677954775745
1430
13438679459922852225
9002105150124484571
2005050344668960
99104139091085
12851231165238756288
659
13673691581908832576
15401749327178134770
3945369227365044023
1112069556857964582
12645039269785230214
17766800807002388395
5627107814293754107
14887649414764486547
12278811953922335350
28671
1125305498132781130
13669328062657831694
1893854512452630398
12598729202844652620
3370211206836067381
15507675111002213602
13218981542609365378
14272521695864369616
3600060
59214622936871
17609088519346554438
9457487340147824194
16601114919120208153
16670916074972313104
6077935727714549403
17839623614574814805
10471425395471570602
10178583145114966875
7990725858006482022
14923595051764160956
14575568833311711051
15581753942137746805
8884773174985670
16336175747399378004
4889850124947251584
18269331826415005617
15134920020129227576
463621
10478119778264754288
7715301399784622005
9877769918493207075
459864970
2213064065180754585
2289264872711635850
3411847306660714561
17880366819555597239
17793501591170900754
3464626309584354226
7972797452858527593
9247904370620839359
4440914016890498065
17968140099799757865
237646
3386933844457534034
13308576232844179470
3308527529618
17877900665130820554
17382687591577166105
14792476083987018274
9946944071554187025
14007006867285421101
2866210668683687116
11337589787555641738
15172742076208341091
17931305769964715727
474321705616602424
4998534469491635313
18362675394767345
14899374749813714939
10536710486430353472
13674011687877543626
10631777174775541593
328838377055258800
230143409642619
7353660777
161939349924170380
2827945352415343176
17625494619965911446
18166435682951356198
2118781762456680899
28
14458827582542768498
4550135514
4711844653038156136
16881582148127350868
11903437138966303735
3726358621064151642
89
15494645532081570127
11264774162491913536
17168411017929673098
3555711488875386527
2101968292511088730
12032417073965247972
846208731170441629
4477189065276632261
352489688678125368
6124603270957448422
6520063563163107357
3518872439662604854
3763618179303867208
8384315860714354416
4577337
8803344615214371215
2785131886469109789
1345532206217789227
12705537900997151176
14291560582372842081
8677320044462965705
4058188813538171219
10598871574013125390
9691126115300953758
1663622203094706108
7898268853823802665
17655773279948401041
896724964706063702
759063930690375708
17191680527143549986
5
12677443076743252699
2763339388158420028
5939054754704569497
4622903593554241371
6261202481223708177
15002966289551365573
54
2923308292281541674
4745563705882397502
3036141151666851287
902813340571195480
17116745711769940067
4896568367592146430
13822940420060229840
13770136060517370550
14979383629015287440
4541299428458185585
15604998976286353758
215874198000
11556557510394578210
48326293
21039046913477877
16517687376872851594
96279
13511605321356475940
5674342906892981325
3859377720471539397
12297577738497041148
4795742019864556656
12864419412477071943
35
550677101449606845
10767831071458584135
454696828990524008
6992587981796943044
1944189756994541733
3812639212792020852
16596374571625068036
4560208086579384854
282913
12227168614412879623
3938333403495084673
65302374122441897
9711203044660990516
14700895140330563116
2180109821230497852
17897864066122226090
3519160033018625679
14236850539453201335
17757849649205263104
13965913765378547268
1954116514306004543
8134094621395296833
16619824343685844301
7
1140829576576418902
12540581891480629775
17835461533101456438
4227326032732234827
17730658291997965503
11040883761947517561
8428161056375275721
8702841411580093118
4628685104168753542
8955046394213596263
16970509646207466823
29358766808585953
50831781786830080
15314260882911202323
10800513598465113029
15721792719289432115
5038036693306940804
14954420636960758738
6677758644677590677
1783887937239
5536861537374162841
17271161808874803312
2097747746150
16616150762572453149
641366328397163837
1712152111161703002
5040120905748156301
11290459389377474030
18098801001082186658
4121467982371810164
3437301341963064142
18350135614861824992
14376898458160737011
1185383241662846463
1710897627736271
11861756818759017304
1584826563586032720
57
7080752942311186292
6569749484484110976
33018382
14850977988068719864
16981572014861231281
8282414153922256508
18790470
12703619588241116881
10698945712997131353
10066369344113997180
12381099638535476106
7333555
16643572079888570358
12972158896829401549
5709940774566296915
13899064338029930082
7021826664859307017
45127006
7400959826848594347
13748324588949569075
2683356665082800931
4239
1744536136249942809
9181387473233592602
2356717282240576351
13262043113338521533
9857647928491637372
11340146866441934181
564992499234866044
128894215406201
370149654145
6289342974335696956
542241097960940
5238222956028234699
11930435830717865157
4155425463000549
16853025837355696294
6662107051432674425
8367988340732245824
828766406877596670
6711316135235952843
8159100041993754727
217086312433400
8690292156706059637
13620511898029658231
1698861356843146448
17564278957007725192
15160596186223739774
17219953782889150880
4268237219841596671
3367574266147175588
3015889807456524503
7182293468365457092
11395328694207649577
16244018309335285
1880967774816580711
6994504610421143228
5107809247732495947
5624620823513754105
3466466470025346027
1015941119608130093
3068275565812153620
2997509456841348
14988664288138795533
1219759208235102026
19532
14915481979679583504
5846411693137814699
1764047671077049465
17173772119042794627
3953012313881089984
15477986237459978506
3134213860524849363
2180066214820831406
495142132535841
12426087605106849969
3296694095008161948
320998782160362300
5828819039898529904
35682
252723663
12288018515090148780
16957988471631790396
14967337913551003348
866631794606247077
18256617099063432922
8226855626415526534
18244163166373921685
16708245902042222222
1128020287011243146
249
9483789607727709521
8497854905709119928
13102487018794320726
6609113620136239508
16446964950844363672
15142552852527470762
70536114237387190
2971157524114665579
18365090589813511847
16809587914583445068
5008372
229847594571303695
4543638288389866607
13461402577561442595
7653859
2403302
1092065241656201344
912488928246844
14897309375682226540
791143678853824841
10487058664294017243
12367785946074015282
12178307560802640667
7069281511357912777
1348131606404829712
4510647798721946713
2897105827220177938
4607264795663050082
3056124480781310303
18092409511318779025
14952355605519618254
11292697031921883048
564365131729784433
3520549948293473591
3228010692304812439
497644086830571941
61
7622981285364721107
762920954185530
3372981279121837891
10922037968971646953
13414190803453880379
28076459026210766
5624586797795123540
8902037512713283634
7454088704922114230
14377976495812106388
117342149496842404
6705025907364896221
4768909748999988641
13743736844590992755
6995310232491564807
12674451188346158118
17101640171237503668
18122836997708707906
1057355
91083450
1767611660828589407
6132454647827770204
15317682886836093091
5408109252788945328
3162446631331277837
6653251230308173565
2721815071410348294
17976699525533908646
6078243337299208610
9091314819055551103
14034900970700113596
17809287672
830249582276679393
1134052569044522336
7296147501472115015
4141214985055200039
1996704636307692869
7384663593816225147
1479098714990390261
4018980182458903893
1181219468234908533
1468046110561332606
18109382573412560064
15337538481415040891
8557127599695173091
10218050533302008197
987635
11002367052465877153
5518785980419670552
569347428528645172
8062151992481577739
6572968888374250935
950897525070401632
14023690577196382272
14182321113869439483
16339048742893509396
2109363448685581276
544382147980756713
136417679815772
16726506594043714690
16809492901336708150
11801173316456568480
3420814378515988321
16220296837086213465
7682808145902263769
7250941085620971065
14841994886713566598
183307851
13202739159112282681
6606625950336277088
15730225052065150500
11831686805051645690
957527971167696037
12788483767653818897
9349376877959527183
12324529511386072378
12244756679216119828
41562599010
6842643916424689921
564501948165325252
15671562230439166737
6438107750888307774
8790241189202522785
17520276528092341940
14607987767396695199
116141936
16578039809902935427
378665946951006665
11600328128736918583
746395084499040434
18378508896102264554
13089650543169013387
8486508729296575480
1739520515487203761
2426713542269579228
236544712175297
235684
9719190999107448290
16637308346833423911
5102830151562203171
12763461264671438408
1733509387662
4814200085386776328
1095780891651951618
7019425938534875485
15442964989811197384
1055479799834561895
1643963792319246833
1602480
13253219445665355178
1586776819292066397
17059012717002482783
3047926417561330722
16916628304011046
22
4278413211001538479
12486405640886104343
11901742065223454082
16989367379274897682
2233377552029056533
13773353183077429269
1036463410147546091
8441085385377573016
1446568252800624
1362
4959666198647486473
9341922956596366636
8639124375467743
7219983935045590149
12590462284439351976
11870140184280944942
405533
9674833742019507073
3976304781505467682
11191025816941590654
205189040291979550
13616126013328532500
253
7686186103169513858
16706996619637679986
13736305623282390451
15122917846407837937
2112661148963719487
17091459537034990181
1146225505735840180
15866557574245322671
9638635181952608972
13223431506162090813
12524737083950135616
7698630799348645246
1510453374548361862
8787735250745532344
61584544868
16514635157397023282
14339164
2087111188922590999
78455555346
16024283574578969810
66237240910327
6327468460832980315
4900091678851316783
7985056957473369111
6290872618280452809
14794392557055934900
12201680268375746988
2585701264581122081
657188488
3467875426554094898
11370820191837799314
10318343081842462208
11170515744075824496
12849990254573215703
5006332597430589
17130606403976273566
15637190922821356432
7689740485437403059
13315903948953331310
88310
8501753588278325136
13557258739845943774
75924993246
8449244244162992787
13859350334340512110
14849684746433472939
4300028040936814347
9326938
18126028115717922364
2065429797655182
71444203
17319940643493922793
662121430718904582
11966148449712058762
4176728681820335846
16700095698714024750
33168434166
5867385758395339065
14846100419130156272
1390841786581
11763862697046235195
8349364305527353360
8701877886738540459
8950324623928389
15707895401311791130
25
49365831180
2831700987105967779
813757755188230084
60
1301704443206950425
5649994485422252461
10250040208729065679
22836214
6481735123031429549
5537087156006182239
185385522081051
6447956170206658890
7410929020766571425
17585549242953195295
991526014375049086
14346856482792984940
4918896118339778138
167582692117855805
469510864
6999747847322194896
2190513111543435731
17359330097518720622
7041899700147387237
54829
10576680391211791835
11398063019271676344
10340088518628600588
13
6705508243389666749
10390757243473055440
2613230286099095116
5963262446828822003
7225987293994584279
3961514920657969211
12054367730011154888
9209969354870241048
7028122195367166621
18181649763363052616
8239549037443560365
16314765498056100378
2230495186126348033
10781475509961505974
12196921939840285006
5330193784564094847
66327504102883522
4825342801993648674
13604264220145393028
12849651841581817931
16819620831257205925
6696511922649447613
17990515508916529410
2279512111205386068
13940009170422661468
17684049939494289623
475663771118871204
8577943420176553878
11693460134265732297
14
627531773283000814
249312652076
483764919016
15420041994725305276
7703539837854293537
12758507363616946948
12067005311559855969
15207266936813072265
12952341358958516405
4
9878572076588937290
4587858876418992339
516119273380840
46606936002679
6212660912289562833
15959039524549120057
13739656352664168041
7844040057030458896
138490349193806
784903
9631060908722816949
143478
17383179844426929415
3626697761217788730
14223168473746863457
17594389603205965854
1187798073727135385
5713106348476719955
13646612063246206423
8746683101908320087
109232378907
9464093652305081447
6862901588023728034
846622706923395321
16595796526389944643
7951421033795729907
17121263663669438269
6042488208892337581
7234347609640422811
14728155448773354559
1485
1150674417780262187
6359990879824622264
277047039634035352
13753182340733721879
18081794167548890043
15703163374956183468
1962503894574940304
8109880283900742811
514455287793916161
498467018680012765
15938459363742631341
18050578642471796180
14512391372213700433
8151276785927035015
387165058722839671
5
1016059479063942817
7306135539426837426
4980137484375989604
6199340909686052867
12981713338710605060
12670584209577712749
7813300545935235170
12771875278292910997
235623236296225025
183828478524176
10508154039603131478
11932384039768830728
546899457
616670461454
8524755282518508104
5373332239049111119
8883706081542105283
8411510202735098991
14316730786021674915
10347096813465888790
14192771915810288615
6615899824677368380
8729678879279942271
3202
2406701466528814176
15520452629645092127
3259346475980339618
7951187489381247160
3615
3159957015971216778
14233089115651849526
13850787938436889101
7141162924026459280
12815174465788419650
655383150496010603
1480512076618109538
10989143991028114167
687562077493177969
9251270100973
4895872280484962795
11645179707689814342
4619523222240341600
2250771090
16670579161787572409
7590465053380488519
128
17269608158559902845
2419534889045316001
12219129320729915852
6980038993449025778
15323659476618193196
6409635889452138201
2784811442693708208
17843338701390545300
9582371
4722543162285490760
10949170353760300132
10356179166183231094
10097302090408512521
16500364889233547119
12596556679986892650
388
55858489300136
5795818489397560578
12180020555809522447
5858343259770140211
16232039173162608828
10723721348226171422
7929807335956479336
1433017
14663486328920760323
3188058039684762078
1177263350406173787
11521553975579981824
5707881268531248423
13249
17935526642198676374
8580557547018890151
15987234699845562418
4881707355159234404
288063962453768645
17205757048155242567
471177167520553078
13562815829774373586
8955356013892050291
16172641707472583417
7927137626371166175
5810761061130011773
1292069349
15912974103655633374
15649186543426402512
2120860200015620207
10671137922785708342
846617187274583523
